o4-c1-o5-c5
0.41
1
180
-
-
-
-
-
-
h-c1-o5-c5
0.00
1
0
0.00
2
0
0.284
3
0
ch-c1-o5-c5
0.00
1
0
0.00
2
0
0.200
3
0
o5-c1-o4-ch
0.05
1
180
-
-
-
-
-
-
h-c1-o4-ch
0.00
1
0
0.00
2
0
0.284
3
0
ch-c1-o4-ch
0.00
1
0
0.00
2
0
1.600
3
0
o5-c1-ch-oh
2.75
1
180
-
-
-
-
-
-
o5-c1-ch-h
0.00
1
0
0.00
2
0
0.200
3
0
o5-c1-ch-ch
2.65
1
180
0.00
2
0
0.130
3
180
o4-c1-ch-h
0.00
1
0
0.00
2
0
0.200
3
0
o4-c1-ch-ch
0.00
1
0
0.00
2
0
0.200
3
0
h-c1-ch-oh
0.00
1
0
0.00
2
0
0.140
3
0
h-c1-ch-h
0.00
1
0
0.00
2
0
0.200
3
0
h-c1-ch-ch
0.00
1
0
0.00
2
0
0.200
3
0
h-ch-oh-ho
0.00
1
0
0.00
2
0
0.180
3
0
c1-ch-ch-oh
0.00
1
0
0.00
2
0
0.200
3
0
c1-ch-ch-h
0.00
1
0
0.00
2
0
0.200
3
0
c1-ch-ch-ch
0.00
1
0
0.00
2
0
0.190
3
180
oh-ch-ch-h
0.00
1
0
0.00
2
0
0.200
3
0
ch-ch-ch-oh
0.00
1
0
0.00
2
0
0.200
3
0
h-ch-ch-h
0.00
1
0
0.00
2
0
0.200
3
0
ch-ch-ch-h
0.00
1
0
0.00
2
0
0.200
3
0
ch-ch-ch-c5
0.00
1
0
0.00
2
0
0.190
3
180
c5-ch-ch-oh
0.00
1
0
0.00
2
0
0.200
3
0
c5-ch-ch-h
0.00
1
0
0.00
2
0
0.200
3
0
c5-ch-oh-ho
0.29
1
0
0.62
2
0
0.050
3
0
ch-ch-c5-o5
0.00
1
0
0.00
2
0
0.310
3
180
ch-ch-c5-h
0.00
1
0
0.00
2
0
0.200
3
0
ch-ch-c5-c6
0.00
1
0
0.00
2
0
0.200
3
0
oh-ch-c5-o5
1.36
1
180
0.16
2
0
1.010
3
0
oh-ch-c5-h
0.00
1
0
0.00
2
0
0.200
3
0
oh-ch-c5-c6
0.00
1
0
0.00
2
0
0.200
3
0
h-ch-c5-o5
0.00
1
0
0.00
2
0
0.200
3
0
h-ch-c5-h
0.00
1
0
0.00
2
0
0.200
3
0
h-ch-c5-c6
0.00
1
0
0.00
2
0
0.200
3
0
ch-c5-o5-c1
0.00
1
0
0.00
2
0
0.200
3
0
h-c5-o5-c1
0.00
1
0
0.00
2
0
0.284
3
0
c6-c5-o5-c1
0.00
1
0
0.00
2
0
0.200
3
0
ch-c5-c6-oh
0.00
1
0
0.00
2
0
0.200
3
0
ch-c5-c6-hc
0.00
1
0
0.00
2
0
0.200
3
0
o5-c5-c6-oh
0.75
1
180
0.17
2
0
0.250
3
180
o5-c5-c6-hc
0.00
1
0
0.00
2
0
0.200
3
0
h-c5-c6-oh
0.00
1
0
0.00
2
0
0.140
3
0
h-c5-c6-hc
0.00
1
0
0.00
2
0
0.200
3
0
c5-c6-oh-ho
0.29
1
0
0.62
2
0
0.050
3
0
hc-c6-oh-ho
0.00
1
0
0.00
2
0
0.180
3
0
c5-c6-oh-ho
0.13
1
180
0.25
2
180
0.060
3
180
h-ch-o4-c1
0.00
1
0
0.00
2
0
0.284
3
0
ch-ch-o4-c1
0.13
1
180
0.25
2
180
0.060
3
180
ch-ch-ch-o4
0.00
1
0
0.00
2
0
0.200
3
0
oh-ch-ch-o4
2.65
1
180
0.00
2
0
0.130
3
180
o4-ch-ch-h
0.00
1
0
0.00
2
0
0.200
3
0
o4-ch-c5-o5
1.36
1
180
0.16
2
0
1.010
3
0
o4-ch-c5-h
0.00
1
0
0.00
2
0
0.200
3
0
o4-ch-c5-c6
0.00
1
0
0.00
2
0
0.200
3
0
oh-c1-o5-c5
0.41
1
180
0.89
2
0
0.050
3
0
o5-c1-oh-ho
1.55
1
0
1.17
2
0
1.070
3
0
h-c1-oh-ho
0.00
1
0
0.00
2
0
0.180
3
0
ch-c1-oh-ho
0.29
1
0
0.62
2
0
0.050
3
0
oh-c1-ch-oh
2.65
1
180
0.00
2
0
0.130
3
180
oh-c1-ch-h
0.00
1
0
0.00
2
0
0.140
3
0
oh-c1-ch-ch
0.00
1
0
0.00
2
0
0.200
3
0